2014-03-31 19:48:36.998
#ANM 36.5387 126.33 26.3321 46.6351 20.303
#BAR 37.9771 124.714 18.8081 32.7583 13.9502
#BUY 36.2726 126.921 33.7889 59.8106 26.0217
#CWO 38.0835 127.521 42.1092 74.3929 32.2837
#DACB 37.8317 124.707 16.026 28.3828 12.3568
DAG2 35.7685 128.897 56.6457 99.3307 42.685
DDC 37.9021 127.061 36.6405 64.5856 27.9451
EMSB 36.9737 127.624 40.0712 71.0182 30.947
EURB 35.3227 128.288 53.0000 94.0982 41.0982
GBI 36.6255 125.56 16.4242 29.2507 12.8265
GOCB 35.3484 126.598 37.3808 64.8042 27.4234
GSG 37.5484 126.845 32.6587 56.78 24.1213
GWYB 34.9435 127.691 50.222 88.5276 38.3056
HAMB 35.5115 127.746 46.4045 80.6988 34.2943
HAWB 37.0844 126.774 30.4108 52.5789 22.1681
HWCB 38.2214 127.671 44.4052 78.02 33.6148
ICN 37.2907 127.417 37.9937 66.1611 28.1674
JIN 35.1615 128.03 51.5959 91.37 39.7741
KCH 35.614 127.919 47.6051 84.6975 37.0924
MAS 35.1703 128.572 57.0094 100.637 43.6276
MIYA 35.4916 128.744 56.8929 100.343 43.4501
MUS 37.8862 126.766 33.5364 58.9152 25.3788
SEO 37.4879 126.919 33.1513 57.0058 23.8545
SEO2 37.4939 126.917 33.1285 57.1212 23.9927
SES2 36.7893 126.453 27.0785 46.8758 19.7973
SHHB 37.3488 126.704 30.3109 52.0615 21.7506
SMKB 35.6891 126.556 33.9907 59.2421 25.2514
SWO 37.2809 126.982 33.1841 63.4 30.2159
TEJ 36.3725 127.371 38.345 67.414 29.069
TOY 34.8452 128.436 58.0061 101.865 43.8589
YAPA 37.4889 127.494 39.2905 67.6931 28.4026
YNCB 38.0398 126.926 35.7992 63.4846 27.6854
YSU 35.1027 127.597 48.3967 85.0664 36.6697
